x <- c(5,2)
